((("win-ensime-root-dir" .
   [0 0 0 0 0 0 0 0 0 1 0 0 0 0 0 0 0 0 0])
  ("ensime-root-dir" .
   [0 0 0 0 0 0 1 0 0 0 0 0 0 0 0])
  ("win-path-to-r" .
   [0 0 0 0 0 1 1 0 0 0 0 0 0])
  ("string-equal" .
   [0 0 0 0 0 0 0 0 1 0 0 0])
  ("string" .
   [0 0 0 0 1 0])
  ("not" .
   [1 0 0])
  ("when" .
   [1 0 0 0])
  ("defvar" .
   [3 0 0 0 0 0])
  ("magit" .
   [0 0 0 1 0])
  ("require" .
   [0 0 0 0 1 0 0])
  ("--------------" .
   [0 0 0 0 0 0 0 0 0 0 1 0 0 0])
  ("numpy" .
   [2 0 0 1 0])
  ("object" .
   [0 0 0 0 1 0])
  ("global" .
   [0 0 0 0 0 1])
  ("time" .
   [3 0 0 0])
  ("Foo" .
   [0 0 1])
  ("getattr" .
   [0 0 0 1 0 0 0])
  ("asdfy" .
   [0 0 0 0 1])
  ("xorz" .
   [2 0 1 0])))
